0.00E+00	0.00E+00
2.13E-03	2.47E-01
2.43E-03	2.71E-01
2.75E-03	2.96E-01
3.12E-03	3.20E-01
3.51E-03	3.44E-01
3.96E-03	3.69E-01
4.44E-03	3.93E-01
4.97E-03	4.17E-01
5.55E-03	4.42E-01
6.18E-03	4.66E-01
6.87E-03	4.91E-01
7.61E-03	5.15E-01
8.41E-03	5.40E-01
9.28E-03	5.64E-01
1.02E-02	5.89E-01
1.12E-02	6.14E-01
1.23E-02	6.38E-01
1.34E-02	6.63E-01
1.46E-02	6.88E-01
1.59E-02	7.13E-01
1.72E-02	7.38E-01
1.87E-02	7.62E-01
2.02E-02	7.87E-01
2.18E-02	8.12E-01
2.34E-02	8.37E-01
2.52E-02	8.63E-01
2.71E-02	8.88E-01
2.90E-02	9.13E-01
3.10E-02	9.38E-01
3.32E-02	9.64E-01
3.54E-02	9.89E-01
3.77E-02	1.01E+00
4.01E-02	1.04E+00
4.27E-02	1.07E+00
4.53E-02	1.09E+00
4.80E-02	1.12E+00
5.08E-02	1.14E+00
5.38E-02	1.17E+00
5.68E-02	1.19E+00
6.00E-02	1.22E+00
6.33E-02	1.25E+00
6.67E-02	1.27E+00
7.02E-02	1.30E+00
7.38E-02	1.32E+00
7.76E-02	1.35E+00
8.15E-02	1.38E+00
8.55E-02	1.40E+00
8.96E-02	1.43E+00
9.38E-02	1.46E+00
9.82E-02	1.48E+00
1.03E-01	1.51E+00
1.07E-01	1.54E+00
1.12E-01	1.56E+00
1.17E-01	1.59E+00
1.22E-01	1.62E+00
1.27E-01	1.64E+00
1.33E-01	1.67E+00
1.38E-01	1.70E+00
1.44E-01	1.73E+00
1.50E-01	1.75E+00
1.56E-01	1.78E+00
1.62E-01	1.81E+00
1.68E-01	1.84E+00
1.74E-01	1.86E+00
1.81E-01	1.89E+00
1.87E-01	1.92E+00
1.94E-01	1.95E+00
2.01E-01	1.98E+00
2.08E-01	2.00E+00
2.16E-01	2.03E+00
2.23E-01	2.06E+00
2.31E-01	2.09E+00
2.39E-01	2.12E+00
2.47E-01	2.15E+00
2.55E-01	2.18E+00
2.63E-01	2.20E+00
2.72E-01	2.23E+00
2.80E-01	2.26E+00
2.89E-01	2.29E+00
2.98E-01	2.32E+00
2.98E-01	2.33E+00
2.99E-01	2.33E+00
3.00E-01	2.34E+00
3.01E-01	2.34E+00
3.02E-01	2.34E+00
3.02E-01	2.35E+00
3.03E-01	2.35E+00
3.04E-01	2.36E+00
3.05E-01	2.36E+00
3.06E-01	2.36E+00
3.07E-01	2.37E+00
3.07E-01	2.37E+00
3.08E-01	2.37E+00
3.09E-01	2.38E+00
3.10E-01	2.38E+00
3.11E-01	2.38E+00
3.12E-01	2.39E+00
3.12E-01	2.39E+00
3.13E-01	2.39E+00
3.14E-01	2.40E+00
3.15E-01	2.40E+00
3.16E-01	2.41E+00
3.17E-01	2.41E+00
3.18E-01	2.41E+00
3.18E-01	2.42E+00
3.19E-01	2.42E+00
3.20E-01	2.42E+00
3.21E-01	2.43E+00
3.22E-01	2.43E+00
3.23E-01	2.43E+00
3.24E-01	2.44E+00
3.24E-01	2.44E+00
3.25E-01	2.44E+00
3.26E-01	2.45E+00
3.27E-01	2.45E+00
3.28E-01	2.45E+00
3.29E-01	2.46E+00
3.30E-01	2.46E+00
3.30E-01	2.46E+00
3.31E-01	2.47E+00
3.32E-01	2.47E+00
3.33E-01	2.47E+00
3.34E-01	2.48E+00
3.35E-01	2.48E+00
3.36E-01	2.48E+00
3.36E-01	2.49E+00
3.37E-01	2.49E+00
3.38E-01	2.49E+00
3.39E-01	2.50E+00
3.40E-01	2.50E+00
3.41E-01	2.51E+00
3.42E-01	2.51E+00
3.42E-01	2.51E+00
3.43E-01	2.52E+00
3.44E-01	2.52E+00
3.45E-01	2.52E+00
3.46E-01	2.53E+00
3.47E-01	2.53E+00
3.48E-01	2.53E+00
3.49E-01	2.54E+00
3.49E-01	2.54E+00
3.50E-01	2.54E+00
3.51E-01	2.55E+00
3.52E-01	2.55E+00
3.53E-01	2.55E+00
3.54E-01	2.56E+00
3.55E-01	2.56E+00
3.56E-01	2.56E+00
3.56E-01	2.57E+00
3.57E-01	2.57E+00
3.58E-01	2.57E+00
3.59E-01	2.58E+00
3.60E-01	2.58E+00
3.61E-01	2.58E+00
3.62E-01	2.59E+00
3.63E-01	2.59E+00
3.64E-01	2.59E+00
3.64E-01	2.60E+00
3.65E-01	2.60E+00
3.66E-01	2.60E+00
3.67E-01	2.61E+00
3.68E-01	2.61E+00
3.69E-01	2.61E+00
3.70E-01	2.62E+00
3.71E-01	2.62E+00
3.72E-01	2.62E+00
3.72E-01	2.63E+00
3.73E-01	2.63E+00
3.74E-01	2.63E+00
3.75E-01	2.64E+00
3.76E-01	2.64E+00
3.77E-01	2.64E+00
3.78E-01	2.65E+00
3.79E-01	2.65E+00
3.80E-01	2.65E+00
3.80E-01	2.65E+00
3.81E-01	2.66E+00
3.82E-01	2.66E+00
3.83E-01	2.66E+00
3.84E-01	2.67E+00
3.85E-01	2.67E+00
3.86E-01	2.67E+00
3.87E-01	2.68E+00
3.88E-01	2.68E+00
3.89E-01	2.68E+00
3.90E-01	2.69E+00
3.90E-01	2.69E+00
3.91E-01	2.69E+00
3.92E-01	2.70E+00
3.93E-01	2.70E+00
3.94E-01	2.70E+00
3.95E-01	2.71E+00
3.96E-01	2.71E+00
3.97E-01	2.71E+00
3.98E-01	2.72E+00
3.99E-01	2.72E+00
4.00E-01	2.72E+00
4.00E-01	2.73E+00
4.01E-01	2.73E+00
4.02E-01	2.73E+00
4.03E-01	2.74E+00
4.04E-01	2.74E+00
4.05E-01	2.74E+00
4.06E-01	2.75E+00
4.07E-01	2.75E+00
4.08E-01	2.75E+00
4.09E-01	2.76E+00
4.10E-01	2.76E+00
4.11E-01	2.76E+00
4.11E-01	2.76E+00
4.12E-01	2.77E+00
4.13E-01	2.77E+00
4.14E-01	2.77E+00
4.15E-01	2.78E+00
4.16E-01	2.78E+00
4.17E-01	2.78E+00
4.18E-01	2.79E+00
4.19E-01	2.79E+00
4.20E-01	2.79E+00
4.21E-01	2.80E+00
4.22E-01	2.80E+00
4.23E-01	2.80E+00
4.24E-01	2.81E+00
4.24E-01	2.81E+00
4.25E-01	2.81E+00
4.26E-01	2.82E+00
4.27E-01	2.82E+00
4.28E-01	2.82E+00
4.29E-01	2.83E+00
4.30E-01	2.83E+00
4.31E-01	2.83E+00
4.32E-01	2.83E+00
4.33E-01	2.84E+00
4.34E-01	2.84E+00
4.35E-01	2.84E+00
4.36E-01	2.85E+00
4.37E-01	2.85E+00
4.38E-01	2.85E+00
4.39E-01	2.86E+00
4.40E-01	2.86E+00
4.40E-01	2.86E+00
4.41E-01	2.87E+00
4.42E-01	2.87E+00
4.43E-01	2.87E+00
4.44E-01	2.88E+00
4.45E-01	2.88E+00
4.46E-01	2.88E+00
4.47E-01	2.89E+00
4.48E-01	2.89E+00
4.49E-01	2.89E+00
4.50E-01	2.89E+00
4.51E-01	2.90E+00
4.52E-01	2.90E+00
4.53E-01	2.90E+00
4.54E-01	2.91E+00
4.55E-01	2.91E+00
4.56E-01	2.91E+00
4.57E-01	2.92E+00
4.58E-01	2.92E+00
4.59E-01	2.92E+00
4.60E-01	2.93E+00
4.60E-01	2.93E+00
4.61E-01	2.93E+00
4.62E-01	2.94E+00
4.63E-01	2.94E+00
4.64E-01	2.94E+00
4.65E-01	2.94E+00
4.66E-01	2.95E+00
4.67E-01	2.95E+00
4.68E-01	2.95E+00
4.69E-01	2.96E+00
4.70E-01	2.96E+00
4.71E-01	2.96E+00
4.72E-01	2.97E+00
4.73E-01	2.97E+00
4.74E-01	2.97E+00
4.75E-01	2.98E+00
4.76E-01	2.98E+00
4.77E-01	2.98E+00
4.78E-01	2.99E+00
4.79E-01	2.99E+00
4.80E-01	2.99E+00
4.81E-01	2.99E+00
4.82E-01	3.00E+00
4.83E-01	3.00E+00
4.84E-01	3.00E+00
4.85E-01	3.01E+00
4.86E-01	3.01E+00
4.87E-01	3.01E+00
4.88E-01	3.02E+00
4.89E-01	3.02E+00
4.90E-01	3.02E+00
4.91E-01	3.03E+00
4.92E-01	3.03E+00
4.93E-01	3.03E+00
4.94E-01	3.04E+00
4.95E-01	3.04E+00
4.96E-01	3.04E+00
4.97E-01	3.04E+00
4.98E-01	3.05E+00
4.99E-01	3.05E+00
5.00E-01	3.05E+00
5.01E-01	3.06E+00
5.02E-01	3.06E+00
5.03E-01	3.06E+00
5.04E-01	3.07E+00
5.05E-01	3.07E+00
5.06E-01	3.07E+00
5.07E-01	3.08E+00
5.08E-01	3.08E+00
5.08E-01	3.08E+00
5.09E-01	3.08E+00
5.10E-01	3.09E+00
5.11E-01	3.09E+00
5.12E-01	3.09E+00
5.14E-01	3.10E+00
5.15E-01	3.10E+00
5.16E-01	3.10E+00
5.17E-01	3.11E+00
5.18E-01	3.11E+00
5.19E-01	3.11E+00
5.20E-01	3.12E+00
5.21E-01	3.12E+00
5.22E-01	3.12E+00
5.23E-01	3.12E+00
5.24E-01	3.13E+00
5.25E-01	3.13E+00
5.26E-01	3.13E+00
5.27E-01	3.14E+00
5.28E-01	3.14E+00
5.29E-01	3.14E+00
5.30E-01	3.15E+00
5.31E-01	3.15E+00
5.32E-01	3.15E+00
5.33E-01	3.16E+00
5.34E-01	3.16E+00
5.35E-01	3.16E+00
5.36E-01	3.17E+00
5.37E-01	3.17E+00
5.38E-01	3.17E+00
5.39E-01	3.17E+00
5.40E-01	3.18E+00
5.41E-01	3.18E+00
5.42E-01	3.18E+00
5.43E-01	3.19E+00
5.44E-01	3.19E+00
5.45E-01	3.19E+00
5.46E-01	3.20E+00
5.47E-01	3.20E+00
5.48E-01	3.20E+00
5.49E-01	3.21E+00
5.50E-01	3.21E+00
5.51E-01	3.21E+00
5.52E-01	3.21E+00
5.53E-01	3.22E+00
5.54E-01	3.22E+00
5.55E-01	3.22E+00
5.56E-01	3.23E+00
5.57E-01	3.23E+00
5.58E-01	3.23E+00
5.59E-01	3.24E+00
5.60E-01	3.24E+00
5.61E-01	3.24E+00
5.63E-01	3.25E+00
5.64E-01	3.25E+00
5.65E-01	3.25E+00
5.66E-01	3.26E+00
5.67E-01	3.26E+00
5.68E-01	3.26E+00
5.69E-01	3.26E+00
5.70E-01	3.27E+00
5.71E-01	3.27E+00
5.72E-01	3.27E+00
5.73E-01	3.28E+00
5.74E-01	3.28E+00
5.75E-01	3.28E+00
5.76E-01	3.29E+00
5.77E-01	3.29E+00
5.78E-01	3.29E+00
5.79E-01	3.30E+00
5.80E-01	3.30E+00
5.81E-01	3.30E+00
5.82E-01	3.30E+00
5.83E-01	3.31E+00
5.85E-01	3.31E+00
5.86E-01	3.31E+00
5.87E-01	3.32E+00
5.88E-01	3.32E+00
5.89E-01	3.32E+00
5.90E-01	3.33E+00
5.91E-01	3.33E+00
5.92E-01	3.33E+00
5.93E-01	3.34E+00
5.94E-01	3.34E+00
5.95E-01	3.34E+00
5.96E-01	3.35E+00
5.97E-01	3.35E+00
5.98E-01	3.35E+00
5.99E-01	3.35E+00
6.00E-01	3.36E+00
6.02E-01	3.36E+00
6.03E-01	3.36E+00
6.04E-01	3.37E+00
6.05E-01	3.37E+00
6.06E-01	3.37E+00
6.07E-01	3.38E+00
6.08E-01	3.38E+00
6.09E-01	3.38E+00
6.10E-01	3.39E+00
6.11E-01	3.39E+00
6.12E-01	3.39E+00
6.13E-01	3.40E+00
6.14E-01	3.40E+00
6.16E-01	3.40E+00
6.17E-01	3.40E+00
6.18E-01	3.41E+00
6.19E-01	3.41E+00
6.20E-01	3.41E+00
6.21E-01	3.42E+00
6.22E-01	3.42E+00
6.23E-01	3.42E+00
6.24E-01	3.43E+00
6.25E-01	3.43E+00
6.26E-01	3.43E+00
6.27E-01	3.44E+00
6.29E-01	3.44E+00
6.30E-01	3.44E+00
6.31E-01	3.45E+00
6.32E-01	3.45E+00
6.33E-01	3.45E+00
6.34E-01	3.46E+00
6.35E-01	3.46E+00
6.36E-01	3.46E+00
6.37E-01	3.46E+00
6.38E-01	3.47E+00
6.39E-01	3.47E+00
6.41E-01	3.47E+00
6.42E-01	3.48E+00
6.43E-01	3.48E+00
6.44E-01	3.48E+00
6.45E-01	3.49E+00
6.46E-01	3.49E+00
6.47E-01	3.49E+00
6.48E-01	3.50E+00
6.49E-01	3.50E+00
6.51E-01	3.50E+00
6.52E-01	3.51E+00
6.53E-01	3.51E+00
6.54E-01	3.51E+00
6.55E-01	3.52E+00
6.56E-01	3.52E+00
6.57E-01	3.52E+00
6.58E-01	3.52E+00
6.59E-01	3.53E+00
6.61E-01	3.53E+00
6.62E-01	3.53E+00
6.63E-01	3.54E+00
6.64E-01	3.54E+00
6.65E-01	3.54E+00
6.66E-01	3.55E+00
6.67E-01	3.55E+00
6.68E-01	3.55E+00
6.69E-01	3.56E+00
6.71E-01	3.56E+00
6.72E-01	3.56E+00
6.73E-01	3.57E+00
6.74E-01	3.57E+00
6.75E-01	3.57E+00
6.76E-01	3.58E+00
6.77E-01	3.58E+00
6.79E-01	3.58E+00
6.80E-01	3.59E+00
6.81E-01	3.59E+00
6.82E-01	3.59E+00
6.83E-01	3.60E+00
6.84E-01	3.60E+00
6.85E-01	3.60E+00
6.86E-01	3.61E+00
6.88E-01	3.61E+00
6.89E-01	3.61E+00
6.90E-01	3.61E+00
6.91E-01	3.62E+00
6.92E-01	3.62E+00
6.93E-01	3.62E+00
6.94E-01	3.63E+00
6.96E-01	3.63E+00
6.97E-01	3.63E+00
6.98E-01	3.64E+00
6.99E-01	3.64E+00
7.00E-01	3.64E+00
7.01E-01	3.65E+00
7.02E-01	3.65E+00
7.04E-01	3.65E+00
7.05E-01	3.66E+00
7.06E-01	3.66E+00
7.07E-01	3.66E+00
7.08E-01	3.67E+00
7.09E-01	3.67E+00
7.11E-01	3.67E+00
7.12E-01	3.68E+00
7.13E-01	3.68E+00
7.14E-01	3.68E+00
7.15E-01	3.69E+00
7.16E-01	3.69E+00
7.17E-01	3.69E+00
7.19E-01	3.70E+00
7.20E-01	3.70E+00
7.21E-01	3.70E+00
7.22E-01	3.71E+00
7.23E-01	3.71E+00
7.24E-01	3.71E+00
7.26E-01	3.72E+00
7.27E-01	3.72E+00
7.28E-01	3.72E+00
7.29E-01	3.73E+00
7.30E-01	3.73E+00
7.31E-01	3.73E+00
7.33E-01	3.74E+00
7.34E-01	3.74E+00
7.35E-01	3.74E+00
7.36E-01	3.75E+00
7.37E-01	3.75E+00
7.39E-01	3.75E+00
7.40E-01	3.76E+00
7.41E-01	3.76E+00
7.42E-01	3.76E+00
7.43E-01	3.77E+00
7.44E-01	3.77E+00
7.46E-01	3.77E+00
7.47E-01	3.78E+00
7.48E-01	3.78E+00
7.49E-01	3.78E+00
7.50E-01	3.79E+00
7.52E-01	3.79E+00
7.53E-01	3.79E+00
7.54E-01	3.80E+00
7.55E-01	3.80E+00
7.56E-01	3.80E+00
7.58E-01	3.81E+00
7.59E-01	3.81E+00
7.60E-01	3.81E+00
7.61E-01	3.82E+00
7.62E-01	3.82E+00
7.64E-01	3.82E+00
7.65E-01	3.83E+00
7.66E-01	3.83E+00
7.67E-01	3.83E+00
7.68E-01	3.84E+00
7.70E-01	3.84E+00
7.71E-01	3.84E+00
7.72E-01	3.85E+00
7.73E-01	3.85E+00
7.74E-01	3.85E+00
7.76E-01	3.86E+00
7.77E-01	3.86E+00
7.78E-01	3.86E+00
7.79E-01	3.87E+00
7.80E-01	3.87E+00
7.82E-01	3.87E+00
7.83E-01	3.88E+00
7.84E-01	3.88E+00
7.85E-01	3.88E+00
7.87E-01	3.89E+00
7.88E-01	3.89E+00
7.89E-01	3.90E+00
7.90E-01	3.90E+00
7.91E-01	3.90E+00
7.93E-01	3.91E+00
7.94E-01	3.91E+00
7.95E-01	3.91E+00
7.96E-01	3.92E+00
7.98E-01	3.92E+00
7.99E-01	3.92E+00
8.00E-01	3.93E+00
8.01E-01	3.93E+00
8.02E-01	3.93E+00
8.04E-01	3.94E+00
8.05E-01	3.94E+00
8.06E-01	3.94E+00
8.07E-01	3.95E+00
8.09E-01	3.95E+00
8.10E-01	3.95E+00
8.11E-01	3.96E+00
8.12E-01	3.96E+00
8.14E-01	3.97E+00
8.15E-01	3.97E+00
8.16E-01	3.97E+00
8.17E-01	3.98E+00
8.19E-01	3.98E+00
8.20E-01	3.98E+00
8.21E-01	3.99E+00
8.22E-01	3.99E+00
8.24E-01	3.99E+00
8.25E-01	4.00E+00
8.26E-01	4.00E+00
8.27E-01	4.00E+00
8.29E-01	4.01E+00
8.30E-01	4.01E+00
8.31E-01	4.02E+00
8.32E-01	4.02E+00
8.34E-01	4.02E+00
8.35E-01	4.03E+00
8.36E-01	4.03E+00
8.38E-01	4.03E+00
8.39E-01	4.04E+00
8.40E-01	4.04E+00
8.41E-01	4.04E+00
8.43E-01	4.05E+00
8.44E-01	4.05E+00
8.45E-01	4.06E+00
8.46E-01	4.06E+00
8.48E-01	4.06E+00
8.49E-01	4.07E+00
8.50E-01	4.07E+00
8.52E-01	4.07E+00
8.53E-01	4.08E+00
8.54E-01	4.08E+00
8.55E-01	4.08E+00
8.57E-01	4.09E+00
8.58E-01	4.09E+00
8.59E-01	4.10E+00
8.60E-01	4.10E+00
8.62E-01	4.10E+00
8.63E-01	4.11E+00
8.64E-01	4.11E+00
8.66E-01	4.11E+00
8.67E-01	4.12E+00
8.68E-01	4.12E+00
8.70E-01	4.13E+00
8.71E-01	4.13E+00
8.72E-01	4.13E+00
8.73E-01	4.14E+00
8.75E-01	4.14E+00
8.76E-01	4.14E+00
8.77E-01	4.15E+00
8.79E-01	4.15E+00
8.80E-01	4.16E+00
8.81E-01	4.16E+00
8.83E-01	4.16E+00
8.84E-01	4.17E+00
8.85E-01	4.17E+00
8.86E-01	4.17E+00
8.88E-01	4.18E+00
8.89E-01	4.18E+00
8.90E-01	4.19E+00
8.92E-01	4.19E+00
8.93E-01	4.19E+00
8.94E-01	4.20E+00
8.96E-01	4.20E+00
8.97E-01	4.21E+00
8.98E-01	4.21E+00
9.00E-01	4.21E+00
9.01E-01	4.22E+00
9.02E-01	4.22E+00
9.04E-01	4.22E+00
9.05E-01	4.23E+00
9.06E-01	4.23E+00
9.08E-01	4.24E+00
9.09E-01	4.24E+00
9.10E-01	4.24E+00
9.12E-01	4.25E+00
9.13E-01	4.25E+00
9.14E-01	4.26E+00
9.16E-01	4.26E+00
9.17E-01	4.26E+00
9.18E-01	4.27E+00
9.20E-01	4.27E+00
9.21E-01	4.28E+00
9.22E-01	4.28E+00
9.24E-01	4.28E+00
9.25E-01	4.29E+00
9.26E-01	4.29E+00
9.28E-01	4.30E+00
9.29E-01	4.30E+00
9.31E-01	4.30E+00
9.32E-01	4.31E+00
9.33E-01	4.31E+00
9.35E-01	4.32E+00
9.36E-01	4.32E+00
9.37E-01	4.32E+00
9.39E-01	4.33E+00
9.40E-01	4.33E+00
9.41E-01	4.34E+00
9.43E-01	4.34E+00
9.44E-01	4.35E+00
9.46E-01	4.35E+00
9.47E-01	4.35E+00
9.48E-01	4.36E+00
9.50E-01	4.36E+00
9.51E-01	4.37E+00
9.52E-01	4.37E+00
9.54E-01	4.37E+00
9.55E-01	4.38E+00
9.57E-01	4.38E+00
9.58E-01	4.39E+00
9.59E-01	4.39E+00
9.61E-01	4.40E+00
9.62E-01	4.40E+00
9.64E-01	4.40E+00
9.65E-01	4.41E+00
9.66E-01	4.41E+00
9.68E-01	4.42E+00
9.69E-01	4.42E+00
9.71E-01	4.43E+00
9.72E-01	4.43E+00
9.73E-01	4.43E+00
9.75E-01	4.44E+00
9.76E-01	4.44E+00
9.78E-01	4.45E+00
9.79E-01	4.45E+00
9.80E-01	4.46E+00
9.82E-01	4.46E+00
9.83E-01	4.46E+00
9.85E-01	4.47E+00
9.86E-01	4.47E+00
9.88E-01	4.48E+00
9.89E-01	4.48E+00
9.90E-01	4.49E+00
9.92E-01	4.49E+00
9.93E-01	4.50E+00
9.95E-01	4.50E+00
9.96E-01	4.50E+00
9.98E-01	4.51E+00
9.99E-01	4.51E+00
1.00E+00	4.52E+00
1.00E+00	4.52E+00
1.00E+00	4.53E+00
1.00E+00	4.53E+00
1.01E+00	4.54E+00
1.01E+00	4.54E+00
1.01E+00	4.54E+00
1.01E+00	4.55E+00
1.01E+00	4.55E+00
1.01E+00	4.56E+00
1.01E+00	4.56E+00
1.02E+00	4.57E+00
1.02E+00	4.57E+00
1.02E+00	4.58E+00
1.02E+00	4.58E+00
1.02E+00	4.59E+00
1.02E+00	4.59E+00
1.03E+00	4.60E+00
1.03E+00	4.60E+00
1.03E+00	4.61E+00
1.03E+00	4.61E+00
1.03E+00	4.61E+00
1.03E+00	4.62E+00
1.03E+00	4.62E+00
1.04E+00	4.63E+00
1.04E+00	4.63E+00
1.04E+00	4.64E+00
1.04E+00	4.64E+00
1.04E+00	4.65E+00
1.04E+00	4.65E+00
1.04E+00	4.66E+00
1.05E+00	4.66E+00
1.05E+00	4.67E+00
1.05E+00	4.67E+00
1.05E+00	4.68E+00
1.05E+00	4.68E+00
1.05E+00	4.69E+00
1.05E+00	4.69E+00
1.06E+00	4.70E+00
1.06E+00	4.70E+00
1.06E+00	4.71E+00
1.06E+00	4.71E+00
1.06E+00	4.72E+00
1.06E+00	4.72E+00
1.07E+00	4.73E+00
1.07E+00	4.73E+00
1.07E+00	4.74E+00
1.07E+00	4.74E+00
1.07E+00	4.75E+00
1.07E+00	4.75E+00
1.07E+00	4.76E+00
1.08E+00	4.76E+00
1.08E+00	4.77E+00
1.08E+00	4.78E+00
1.08E+00	4.78E+00
1.08E+00	4.79E+00
1.08E+00	4.79E+00
1.09E+00	4.80E+00
1.09E+00	4.80E+00
1.09E+00	4.81E+00
1.09E+00	4.81E+00
1.09E+00	4.82E+00
1.09E+00	4.82E+00
1.09E+00	4.83E+00
1.10E+00	4.83E+00
1.10E+00	4.84E+00
1.10E+00	4.85E+00
1.10E+00	4.85E+00
1.10E+00	4.86E+00
1.10E+00	4.86E+00
1.11E+00	4.87E+00
1.11E+00	4.87E+00
1.11E+00	4.88E+00
1.11E+00	4.88E+00
1.11E+00	4.89E+00
1.11E+00	4.90E+00
1.12E+00	4.90E+00
1.12E+00	4.91E+00
1.12E+00	4.91E+00
1.12E+00	4.92E+00
1.12E+00	4.92E+00
1.12E+00	4.93E+00
1.13E+00	4.94E+00
1.13E+00	4.94E+00
1.13E+00	4.95E+00
1.13E+00	4.95E+00
1.13E+00	4.96E+00
1.13E+00	4.97E+00
1.14E+00	4.97E+00
1.14E+00	4.98E+00
1.14E+00	4.98E+00
1.14E+00	4.99E+00
1.14E+00	5.00E+00
1.14E+00	5.00E+00
1.14E+00	5.01E+00
1.15E+00	5.02E+00
1.15E+00	5.02E+00
1.15E+00	5.03E+00
1.15E+00	5.03E+00
1.15E+00	5.04E+00
1.15E+00	5.05E+00
1.16E+00	5.05E+00
1.16E+00	5.06E+00
1.16E+00	5.07E+00
1.16E+00	5.07E+00
1.16E+00	5.08E+00
1.17E+00	5.09E+00
1.17E+00	5.09E+00
1.17E+00	5.10E+00
1.17E+00	5.11E+00
1.17E+00	5.11E+00
1.17E+00	5.12E+00
1.18E+00	5.13E+00
1.18E+00	5.13E+00
1.18E+00	5.14E+00
1.18E+00	5.15E+00
1.18E+00	5.15E+00
1.18E+00	5.16E+00
1.19E+00	5.17E+00
1.19E+00	5.18E+00
1.19E+00	5.18E+00
1.19E+00	5.19E+00
1.19E+00	5.20E+00
1.19E+00	5.20E+00
1.20E+00	5.21E+00
1.20E+00	5.22E+00
1.20E+00	5.23E+00
1.20E+00	5.23E+00
1.20E+00	5.24E+00
1.21E+00	5.25E+00
1.21E+00	5.26E+00
1.21E+00	5.26E+00
1.21E+00	5.27E+00
1.21E+00	5.28E+00
1.21E+00	5.29E+00
1.22E+00	5.29E+00
1.22E+00	5.30E+00
1.22E+00	5.31E+00
1.22E+00	5.32E+00
1.22E+00	5.33E+00
1.23E+00	5.33E+00
1.23E+00	5.34E+00
1.23E+00	5.35E+00
1.23E+00	5.36E+00
1.23E+00	5.37E+00
1.23E+00	5.38E+00
1.24E+00	5.38E+00
1.24E+00	5.39E+00
1.24E+00	5.40E+00
1.24E+00	5.41E+00
1.24E+00	5.42E+00
1.25E+00	5.43E+00
1.25E+00	5.44E+00
1.25E+00	5.44E+00
1.25E+00	5.45E+00
1.25E+00	5.46E+00
1.26E+00	5.47E+00
1.26E+00	5.48E+00
1.26E+00	5.49E+00
1.26E+00	5.50E+00
1.26E+00	5.51E+00
1.26E+00	5.52E+00
1.27E+00	5.53E+00
1.27E+00	5.54E+00
1.27E+00	5.55E+00
1.27E+00	5.56E+00
1.27E+00	5.57E+00
1.28E+00	5.58E+00
1.28E+00	5.59E+00
1.28E+00	5.60E+00
1.28E+00	5.61E+00
1.28E+00	5.62E+00
1.29E+00	5.63E+00
1.29E+00	5.64E+00
1.29E+00	5.65E+00
1.29E+00	5.66E+00
1.30E+00	5.67E+00
1.30E+00	5.68E+00
1.30E+00	5.69E+00
1.30E+00	5.71E+00
1.30E+00	5.72E+00
1.31E+00	5.73E+00
1.31E+00	5.74E+00
1.31E+00	5.75E+00
1.31E+00	5.76E+00
1.31E+00	5.78E+00
1.32E+00	5.79E+00
1.32E+00	5.80E+00
1.32E+00	5.81E+00
1.32E+00	5.83E+00
1.33E+00	5.84E+00
1.33E+00	5.85E+00
1.33E+00	5.87E+00
1.33E+00	5.88E+00
1.33E+00	5.89E+00
1.34E+00	5.91E+00
1.34E+00	5.92E+00
1.34E+00	5.93E+00
1.34E+00	5.95E+00
1.35E+00	5.96E+00
1.35E+00	5.98E+00
1.35E+00	5.99E+00
1.35E+00	6.01E+00
1.36E+00	6.02E+00
1.36E+00	6.04E+00
1.36E+00	6.05E+00
1.36E+00	6.07E+00
1.36E+00	6.09E+00
1.37E+00	6.10E+00
1.37E+00	6.12E+00
1.37E+00	6.14E+00
1.37E+00	6.15E+00
1.38E+00	6.17E+00
1.38E+00	6.19E+00
1.38E+00	6.21E+00
1.38E+00	6.23E+00
1.39E+00	6.25E+00
1.39E+00	6.27E+00
1.39E+00	6.29E+00
1.40E+00	6.31E+00
1.40E+00	6.33E+00
1.40E+00	6.35E+00
1.40E+00	6.37E+00
1.41E+00	6.39E+00
1.41E+00	6.41E+00
1.41E+00	6.44E+00
1.42E+00	6.46E+00
1.42E+00	6.49E+00
1.42E+00	6.51E+00
1.42E+00	6.54E+00
1.43E+00	6.56E+00
1.43E+00	6.59E+00
1.43E+00	6.62E+00
1.44E+00	6.64E+00
1.44E+00	6.67E+00
1.44E+00	6.70E+00
1.45E+00	6.73E+00
1.45E+00	6.77E+00
1.45E+00	6.80E+00
1.46E+00	6.83E+00
1.46E+00	6.87E+00
1.46E+00	6.91E+00
1.47E+00	6.94E+00
1.47E+00	6.98E+00
1.47E+00	7.02E+00
1.48E+00	7.07E+00
1.48E+00	7.11E+00
1.49E+00	7.16E+00
1.49E+00	7.20E+00
1.50E+00	7.25E+00
1.50E+00	7.31E+00
1.50E+00	7.36E+00
1.51E+00	7.42E+00
1.51E+00	7.49E+00
1.52E+00	7.55E+00
1.52154233	7.65979775
1.52492094	7.67023004
1.52830085	7.68066617
1.53168208	7.69110614
1.53506461	7.70154993
1.53844845	7.71199754
1.5418336	7.72244898
1.54522006	7.73290425
1.54860782	7.74336332
1.55199688	7.75382622
1.55538725	7.76429292
1.55877892	7.77476344
1.56217189	7.78523776
1.56556616	7.79571588
1.56896173	7.80619781
1.5723586	7.81668353
1.57575677	7.82717305
1.57915623	7.83766636
1.58255699	7.84816345
1.58595904	7.85866434
1.58936239	7.86916901
1.59276702	7.87967746
1.59617295	7.89018969
1.59958017	7.9007057
1.60298868	7.91122547
1.60639848	7.92174902
1.60980957	7.93227634
1.61322194	7.94280742
1.6166356	7.95334226
1.62005054	7.96388086
1.62346677	7.97442322
1.62688428	7.98496933
1.63030307	7.99551919
1.63372314	8.0060728
1.6371445	8.01663016
1.64056713	8.02719126
1.64399104	8.0377561
1.64741623	8.04832468
1.65084269	8.05889699
1.65427043	8.06947303
1.65769944	8.08005281
1.66112973	8.09063631
1.66456129	8.10122353
1.66799412	8.11181448
1.67142822	8.12240914
1.67486359	8.13300753
1.67830023	8.14360962
1.68173814	8.15421543
1.68517732	8.16482494
1.68861776	8.17543816
1.69205947	8.18605509
1.69550244	8.19667571
1.69894667	8.20730003
1.70239217	8.21792805
1.70583893	8.22855976
1.70928695	8.23919516
1.71273623	8.24983424
1.71618676	8.26047702
1.71963856	8.27112347
1.72309161	8.2817736
1.72654592	8.29242741
1.73000149	8.3030849
1.7334583	8.31374606
1.73691638	8.32441088
1.7403757	8.33507938
1.74383628	8.34575153
1.7472981	8.35642735
1.75076118	8.36710683
1.75422551	8.37778997
1.75769108	8.38847675
1.7611579	8.3991672
1.76462597	8.40986128
1.76809528	8.42055902
1.77156584	8.4312604
1.77503764	8.44196542
1.77851069	8.45267408
1.78198497	8.46338638
1.7854605	8.47410231
1.78893727	8.48482187
1.79241528	8.49554506
1.79589452	8.50627188
1.799375	8.51700232
1.80285672	8.52773638
1.80633968	8.53847406
1.80982387	8.54921536
1.8133093	8.55996027
1.81679595	8.5707088
1.82028384	8.58146093
1.82377297	8.59221667
1.82726332	8.60297601
1.8307549	8.61373896
1.83424772	8.6245055
1.83774176	8.63527564
1.84123702	8.64604938
1.84473352	8.6568267
1.84823124	8.66760762
1.85173018	8.67839212
1.85523035	8.68918021
1.85873174	8.69997188
1.86223436	8.71076714
1.86573819	8.72156596
1.86924325	8.73236837
1.87274952	8.74317434
1.87625702	8.75398389
1.87976573	8.764797
1.88327566	8.77561368
1.88678681	8.78643393
1.89029917	8.79725773
1.89381275	8.80808509
1.89732754	8.81891601
1.90084354	8.82975048
1.90436076	8.8405885
1.90787918	8.85143008
1.91139882	8.86227519
1.91491967	8.87312386
1.91844173	8.88397606
1.92196499	8.8948318
1.92548947	8.90569108
1.92901515	8.9165539
1.93254203	8.92742025
1.93607012	8.93829013
1.93959942	8.94916353
1.94312991	8.96004046
1.94666161	8.97092092
1.95019452	8.98180489
1.95372862	8.99269239
1.95726392	9.0035834
1.96080042	9.01447792
1.96433813	9.02537596
1.96787702	9.0362775
1.97141712	9.04718255
1.97495841	9.05809111
1.9785009	9.06900317
1.98204458	9.07991873
1.98558946	9.09083779
1.98913552	9.10176034
1.99268279	9.11268639
1.99623124	9.12361592
1.99978088	9.13454895
2.00333171	9.14548546
2.00688373	9.15642546
2.01043694	9.16736894
2.01399134	9.1783159
2.01754692	9.18926634
2.02110369	9.20022025
2.02466165	9.21117764
2.02822079	9.22213849
2.03178111	9.23310282
2.03534262	9.24407061
2.0389053	9.25504187
2.04246917	9.26601658
2.04603422	9.27699476
2.04960045	9.2879764
2.05316786	9.29896149
2.05673645	9.30995003
2.06030621	9.32094203
2.06387715	9.33193747
2.06744927	9.34293636
2.07102256	9.35393869
2.07459702	9.36494447
2.07817266	9.37595369
2.08174947	9.38696634
2.08532746	9.39798243
2.08890661	9.40900196
2.09248694	9.42002491
2.09606844	9.4310513
2.0996511	9.44208111
2.10323494	9.45311434
2.10681994	9.464151
2.1104061	9.47519108
2.11399344	9.48623458
2.11758194	9.4972815
2.1211716	9.50833182
2.12476243	9.51938556
2.12835442	9.53044271
2.13194757	9.54150327
2.13554189	9.55256724
2.13913737	9.5636346
2.142734	9.57470537
2.1463318	9.58577954
2.14993075	9.5968571
2.15353086	9.60793806
2.15713213	9.61902241
2.16073456	9.63011016
2.16433814	9.64120129
2.16794288	9.65229581
2.17154877	9.66339371
2.17515581	9.67449499
2.17876401	9.68559966
2.18237336	9.6967077
2.18598386	9.70781912
2.18959551	9.71893392
2.19320831	9.73005208
2.19682226	9.74117362
2.20043736	9.75229852
2.20405361	9.76342679
2.207671	9.77455843
2.21128954	9.78569342
2.21490923	9.79683177
2.21853006	9.80797349
2.22215203	9.81911855
2.22577515	9.83026697
2.22939941	9.84141875
2.23302482	9.85257387
2.23665136	9.86373234
2.24027905	9.87489415
2.24390787	9.88605931
2.24753784	9.89722781
2.25116894	9.90839964
2.25480118	9.91957482
2.25843456	9.93075333
2.26206908	9.94193517
2.26570473	9.95312035
2.26934151	9.96430885
2.27297943	9.97550068
2.27661849	9.98669584
2.28025867	9.99789431
2.28389999	10.0090961
2.28754244	10.0203012
2.29118602	10.0315097
2.29483074	10.0427214
2.29847658	10.0539365
2.30212355	10.0651549
2.30577165	10.0763765
2.30942087	10.0876015
2.31307122	10.0988298
2.3167227	10.1100614
2.3203753	10.1212963
2.32402903	10.1325345
2.32768389	10.143776
2.33133986	10.1550208
2.33499696	10.1662689
2.33865518	10.1775203
2.34231452	10.188775
2.34597498	10.2000329
2.34963657	10.2112942
2.35329927	10.2225587
2.35696309	10.2338265
2.36062803	10.2450976
2.36429408	10.2563719
2.36796125	10.2676496
2.37162954	10.2789305
